0000   01 00 5e 00 17 3f 00 09 fb 88 c1 bd 08 00 45 c0
0010   01 be f2 df 40 00 08 11 ce 41 c0 a8 f7 65 e0 00
0020   17 3f 5d c5 5d c5 01 aa e8 76 00 00 01 00 00 01
0030   01 9a 00 00 00 00 01 94 00 23 00 00 00 00 09 45
0040   7f 00 0d 17 01 86 00 10 01 82 09 20 00 04 00 03
0050   00 00 09 86 00 04 00 01 11 4d 09 37 00 08 06 08
0060   06 08 00 0f 00 0b f1 36 00 04 20 00 00 00 f2 7c
0070   00 1a 00 01 80 00 00 01 00 12 f1 00 00 0e 00 09
0080   fb 88 c1 bd c0 a8 f7 65 ff ff 00 00 f1 35 00 22
0090   00 00 00 00 00 00 00 00 00 00 00 00 00 00 00 00
00a0   00 00 00 00 00 00 00 00 00 00 00 00 00 00 00 00
00b0   00 00 f1 00 00 0e 00 09 fb 88 c1 bd c0 a8 f7 65
00c0   ff ff 00 00 f1 01 00 2c 00 05 00 28 00 01 00 03
00d0   5d c0 40 00 00 02 00 03 5d c0 40 00 00 01 00 01
00e0   5e 29 00 00 00 05 00 01 5e 29 00 00 00 0a 00 01
00f0   5d cc 00 00 f3 5e 00 10 fe 80 00 00 00 00 00 00
0100   02 09 fb ff fe 88 c1 bd 09 84 00 0a 00 08 00 09
0110   fb ff ff 88 c1 bd 09 28 00 14 00 08 50 68 69 6c
0120   69 70 73 00 00 08 38 36 36 30 36 32 00 00 09 2d
0130   00 68 00 06 00 64 00 01 00 08 00 0c 44 45 33 35
0140   31 41 34 30 36 31 00 09 00 02 00 08 00 0e 38 36
0150   36 30 36 32 00 00 00 00 00 00 00 00 00 03 00 08
0160   00 08 20 41 2e 30 30 2e 33 30 00 05 00 78 00 08
0170   2d 2d 2d 2d 2d 2d 2d 2d 00 02 00 58 00 0e 53 2d
0180   4d 38 30 30 33 2d 31 34 30 32 41 00 00 04 00 58
0190   00 08 4c 2e 30 31 2e 31 38 0a f1 2e 00 12 00 01
01a0   00 0e 00 02 00 0a 00 01 00 06 00 51 00 00 00 c1
01b0   f4 5b 00 04 00 00 00 00 f3 9c 00 08 08 00 00 20
01c0   08 00 00 09 f1 5a 00 04 00 00 00 02
