e1 00 00 02
00 05 03 c8
01 01 00 01 00 07 03 c0

00 21
00 00 00 00
0c 16 ActionType
03 b6 Length

00 01 - PollNumber
0b c4 1f 00 - relative abs_time_stamp
ff ff ff ff ff ff ff ff - abs_time_stamp
00 01 00 06 - partition and code
00 00 - polled_attr_grp

PollInfoList
00 02 03 9e - count length
SingleContextPoll
00 00 - context id
00 04 01 2a - count length
06 83 00 06 00 40 09 21 00 02 06 83 09 2f
00 04 00 01 00 06 09 3f 00 0c 00 00 20 00 00 05
52 28 00 00 00 00 09 24 00 04 00 02 4a 24 09 27
00 10 00 0e 04 14 04 17 04 1b 04 10 00 20 00 20
00 00 09 11 00 02 00 02 06 d3 00 07 00 46 09 21
00 02 06 d3 09 2f 00 04 00 01 00 06 09 3f 00 0c
00 00 20 00 00 01 42 28 00 00 00 00 09 24 00 04
00 02 58 04 09 27 00 10 00 0e 04 26 04 1f 04 14
00 20 00 20 00 20 00 00 09 17 00 02 03 00 09 11
00f0   00 02 00 05 06 ec 00 07 00 46 09 21 00 02 06 ec
0100   09 2f 00 04 00 01 00 06 09 3f 00 0c 00 00 20 00
0110   00 01 42 28 00 00 00 00 09 24 00 04 00 02 4b 28
0120   09 27 00 10 00 0e 04 21 04 21 04 21 00 20 00 20
0130   00 20 00 00 09 17 00 02 04 00 09 11 00 02 00 02
0140   07 05 00 07 00 46 09 21 00 02 07 05 09 2f 00 04
0150   00 01 00 06 09 3f 00 0c 00 00 20 00 00 01 42 28
0160   00 00 00 00 09 24 00 04 00 02 e0 18 09 27 00 10
0170   00 0e 03 94 04 22 04 35 04 3c 04 3f 00 20 00 00
0180   09 17 00 02 03 01 09 11 00 02 00 02 00 01 00 06
0190   02 68 82 72 00 0a 00 82 09 21 00 02 82 72 09 2f
01a0   00 04 00 01 00 06 09 3f 00 0c 00 00 20 00 00 01
01b0   52 28 01 03 00 00 09 24 00 04 00 02 4a 04 09 27
01c0   00 10 00 0e 04 3d 04 10 04 14 00 20 00 20 00 20
01d0   00 00 09 11 00 02 00 01 09 90 00 08 20 25 05 23
01e0   11 45 00 00 f2 37 00 04 ff ff ff ff f9 98 00 04
01f0   ff ff ff ff 09 4b 00 22 00 03 00 1e 4a 05 20 00
0200   0f 20 00 7f ff ff 4a 06 20 00 0f 20 00 7f ff ff
0210   4a 07 20 00 0f 20 00 7f ff ff 82 75 00 0a 00 68
0220   09 21 00 02 82 75 09 2f 00 04 00 01 00 06 09 3f
0230   00 0c 00 00 20 00 00 01 52 28 00 01 00 00 09 24
0240   00 04 00 02 f0 e5 09 27 00 10 00 0e 04 1f 04 43
0250   04 3b 04 4c 04 41 00 20 00 00 09 17 00 02 03 00
0260   09 11 00 02 00 01 09 90 00 08 20 25 05 23 11 45
0270   00 00 f9 98 00 04 ff ff ff ff 09 50 00 0a f0 e5
0280   20 00 0a a0 00 7f ff ff 82 cf 00 07 00 4e 09 21
0290   00 02 82 cf 09 2f 00 04 00 01 00 06 09 3f 00 0c
02a0   00 00 20 00 00 01 42 28 00 00 00 00 09 24 00 04
02b0   00 02 41 82 09 27 00 10 00 0e 04 27 04 21 04 21
02c0   00 20 00 20 00 20 00 00 09 11 00 02 00 02 09 50
02d0   00 0a 41 82 82 00 0a a0 00 7f ff ff 82 d6 00 07
02e0   00 4e 09 21 00 02 82 d6 09 2f 00 04 00 01 00 06
02f0   09 3f 00 0c 00 00 20 00 00 01 42 28 00 00 00 00
0300   09 24 00 04 00 02 50 0a 09 27 00 10 00 0e 04 27
0310   04 14 00 20 00 20 00 20 00 20 00 00 09 11 00 02
0320   00 03 09 50 00 0a 50 0a 80 00 0a e0 00 7f ff ff
0330   82 db 00 08 00 a0 09 21 00 02 82 db 09 2f 00 04
0340   00 01 00 06 09 3f 00 0c 00 00 20 00 00 01 42 28
0350   01 0c 00 00 09 24 00 04 00 02 03 00 09 27 00 10
0360   00 0e 00 53 00 54 00 20 00 20 00 20 00 20 00 00
0370   09 11 00 02 00 02 09 4b 00 54 00 08 00 50 03 01
0380   80 00 05 12 00 7f ff ff 03 02 80 00 05 12 00 7f
0390   ff ff 03 3d 80 00 05 12 00 7f ff ff 03 3e 80 00
03a0   05 12 00 7f ff ff 03 3f 80 00 05 12 00 7f ff ff
03b0   03 40 80 00 05 12 00 7f ff ff 03 43 80 00 05 12
03c0   00 7f ff ff 03 4b 80 00 05 12 00 7f ff ff 09 91
03d0   00 04 0b c2 bf 00 82 e1 00 03 00 1e 09 21 00 02
03e0   82 e1 09 2f 00 04 00 01 00 06 09 3f 00 0c 00 00
03f0   20 00 00 01 24 00 01 0c 00 80
